<?xml version="1.0"?>
<opencv_storage>
<mean type_id="opencv-matrix">
  <rows>1</rows>
  <cols>512</cols>
  <dt>d</dt>
  <data>
    -1.5900558694438249e-002 -4.6232022041489401e-001
    -4.7914660158394662e-001 8.3400749067465463e-001
    -4.3919641629965217e-001 -5.6654851087843305e-001
    2.0470891232015908e-002 -6.5021238701625003e-002
    1.0159412895432776e-001 -4.1682808856169379e-001
    -6.6531108196962757e-002 -2.4018906045291158e-001
    -4.2362898485528094e-001 -3.5671687382204387e-001
    2.3445937392198377e-001 -1.3368609712148705e-002
    1.5703552866147625e-002 1.7059802100200344e-001
    5.1055379487022201e-001 -2.5026208623415891e-001
    8.3828042808885644e-002 2.6999381593945954e-001
    1.3591035862142839e-001 3.7663595846129785e-002
    3.9111184204790601e-002 4.4381624126944824e-001
    5.1505474074295274e-002 -2.9510662555763567e-001
    2.0599092330852592e-001 -3.9547884672604221e-002
    4.4136655667676000e-001 -3.5722997244723415e-001
    -7.6300303454562610e-002 2.3814798331371061e-002
    -2.4745678197454521e-001 -4.5969691265512397e-002
    -1.2307475366017401e-001 -1.6555933805803458e-001
    1.5456363688050595e-001 -2.8795227280300523e-001
    3.4534591480261750e-001 3.9232042416654248e-002
    1.3376103027585756e-001 -4.9470810058078279e-001
    -3.2736449483713065e-001 -1.1335904543322545e-001
    -4.7667400979816360e-001 -1.5322363426115501e-001
    5.2320028307813182e-001 5.6433095768507982e-002
    -3.2729449921192738e-001 -5.2413367366349251e-001
    -7.1131707325025842e-002 1.1129407345696732e-001
    -3.2721822553762681e-001 -5.8399439495884709e-001
    -2.5805658791559161e-001 -6.7463054122765442e-001
    6.8421049780096999e-001 8.3745592434166197e-002
    -8.8136819177307188e-002 8.7400826597931205e-002
    3.5915631042241497e-001 -1.6280138409649089e-001
    7.3585606813982674e-001 3.5759186752278493e-001
    1.1806513010351745e-004 -1.7809394555373323e-001
    3.7983049194293989e-002 -7.0224947216196187e-001
    -2.9502245684162953e-001 -2.8696922718719753e-001
    7.7210973823029133e-002 3.0711524069585183e-001
    -3.7566544587137518e-001 1.0940540173246215e-001
    -6.1806517881651712e-001 -2.6388973144124500e-001
    -1.8607613437429622e-002 -1.0563371365648452e-001
    -4.9285887738344841e-001 -4.4467833626670417e-001
    1.9528664033687500e-003 -2.3944957018450452e-001
    2.2655471767126409e-001 2.7437449867802638e-001
    -4.0564795526917330e-002 1.7915419758469969e-001
    7.0352125619020725e-002 3.3050250986039087e-001
    7.6644858900043702e-002 -1.8147828955686202e-001
    -1.2148564077499839e-001 -2.9595538535327820e-001
    1.5890098720995915e-001 -6.2324548275382426e-002
    -2.7322859449139625e-001 2.0312856582338334e-001
    9.3807525939687535e-003 2.0181381388877827e-002
    -7.3656271689674913e-001 -4.7674941165062285e-001
    4.4077110459338181e-001 1.6558076207284572e-001
    7.4773057861840009e-001 2.9946747505623433e-001
    -4.1883219851663817e-001 3.9745201227634591e-001
    9.9604904088709090e-002 -4.7336476313622872e-001
    -9.1603159416053029e-002 -2.1253088062887804e-001
    -3.5800432131591214e-001 -4.7499979641254025e-001
    3.6700936463144090e-001 -1.0065465811640023e-001
    4.1269379899595621e-001 -8.6419599329776775e-002
    -5.7391645018563220e-001 -8.8579012253839101e-002
    -2.5489387080832210e-001 1.7042705652711446e-001
    6.3941726767699469e-001 -3.5093984552555613e-001
    8.3631129173768887e-002 -3.5684796437069222e-001
    -1.1315161130770489e-001 3.6157427751769622e-001
    2.1598806339057369e-001 -4.2811403540066545e-001
    2.1808890323835872e-001 2.2940626688879326e-001
    1.3320704392054014e-001 -2.4826789892037157e-001
    -5.2896645702939060e-001 -3.4948051518450179e-001
    -3.4617414724288714e-001 3.0300987720075578e-001
    -1.6366156101019846e-001 2.9255709762167598e-001
    -6.6030351359397166e-001 1.4574501982165708e-001
    4.0454315012182901e-001 1.5341306842587613e-001
    -1.7844784876607633e-001 3.0101783740989585e-001
    -3.4034473120476361e-001 -3.3118012620619051e-002
    -3.8617789052426815e-001 3.4000325610412768e-001
    -4.4929532433825509e-001 -4.0718757617356321e-001
    4.0564706476888168e-001 1.4585591295251138e-001
    5.2547740241667873e-001 1.7358403234294167e-001
    1.8070903578376465e-001 7.5891920143634906e-001
    2.3286648116833356e-001 -1.2455569016850657e-001
    4.2645420564959446e-001 2.7594138579374111e-001
    3.0732047198409281e-002 -1.7869522054024314e-001
    -7.0850461394422581e-002 1.6261139342630351e-001
    4.0566656919265233e-002 -1.7985862560518498e-001
    -4.0390190122062686e-001 1.1506567765648165e-001
    -2.4965600365048479e-001 5.3510732516439419e-001
    9.2301530278184343e-002 3.2881557120769112e-001
    -2.6214856148800914e-001 1.2308763429384539e-001
    -1.4079718600475677e-001 -4.2755899508380224e-001
    2.1095583264336540e-002 -4.5555038489194377e-001
    -2.6494444792331368e-001 1.0045370790383054e-001
    2.4144926405313458e-001 3.0140610880873820e-002
    2.0003644707233265e-001 -2.4253787881936187e-001
    -6.6506273486961920e-001 -6.0861633972299312e-001
    -2.7994158969295246e-001 -1.3182611791485987e-001
    -1.0807524744662697e-001 -3.9224482291567792e-001
    -2.0238316768987311e-002 2.4582222431829129e-001
    1.6452232345800707e-001 5.4661954848509697e-001
    1.2039474344363918e-001 -1.2133279311539674e-001
    1.8716293203196038e-001 6.8389447609031639e-001
    1.3966833727365291e-001 -1.4784924795230228e-001
    9.0275889971741921e-002 -1.1578742318993640e-001
    1.0020835061247149e-001 -1.9415221877672054e-001
    -6.5671883572444870e-002 -6.4978698793936651e-001
    -1.4165862748468364e-001 -2.9243966439902713e-001
    1.5634288876455416e-001 2.4309271502791455e-001
    -1.4523935494323570e-001 2.3112091831380016e-001
    1.1407656967226001e-001 -3.2499597346065218e-001
    5.5650196495224480e-001 -6.2139547058829549e-002
    1.9414179342695407e-002 3.9901074929852726e-001
    6.9386197878944644e-001 -2.7117344478455679e-001
    -6.9045479191398182e-002 5.2848129222790401e-004
    -1.4383032050121713e-002 1.7293415562111747e-001
    -2.5885556712815605e-001 3.2747685213676758e-001
    -2.4805700498874539e-002 -5.3306530974253452e-001
    -1.2167757305851275e-001 -1.0703815785236656e-001
    4.8509888935144296e-001 1.2956182976494784e-001
    -1.2198803961863396e-001 3.8385687469884200e-001
    -2.7472468898890330e-002 7.0519211802079719e-003
    -1.4892317010158740e-001 -1.6584881591852063e-001
    6.0299995106558690e-001 2.1979758895968121e-001
    3.3138694066416334e-002 1.1989808054744369e-001
    -5.5667999806503454e-001 4.8499442333183074e-001
    3.7782267169406014e-001 2.1827547589592911e-001
    -2.9460346492214334e-001 7.2852977784695447e-002
    1.7768795769799639e-001 1.3488451217094228e-002
    -9.5311939452809316e-002 6.8257673400695673e-001
    -2.3557556588168221e-001 -4.9704711957731178e-002
    -4.0920089234908419e-002 -4.5633642538416164e-001
    -4.9770634833240396e-001 8.2213386543853961e-001
    -4.5239620280762510e-001 -5.7454339023955436e-001
    3.2374030279202590e-002 -9.1117596053000946e-002
    1.0173189004814183e-001 -4.1643065510110722e-001
    -8.9779571890313589e-002 -2.6465852821901165e-001
    -4.2335952190130394e-001 -3.4892738370155846e-001
    2.3988121911055510e-001 -2.9670536396335118e-002
    1.2488461510554232e-002 1.3464251542670858e-001
    4.9987890213314029e-001 -2.5288030153554347e-001
    6.6620472586299800e-002 2.4865073974485749e-001
    1.5135979239242495e-001 2.3344498692011391e-002
    5.1388807341249447e-002 4.3803690292769004e-001
    6.7777914505589884e-002 -2.8417328386395063e-001
    2.2404113168793696e-001 -2.6809953229708802e-002
    4.3773966757408167e-001 -3.2822430980702239e-001
    -6.8054377984910930e-002 3.7159174237814216e-002
    -2.5298692151904106e-001 -4.6804384958964808e-002
    -1.2888778699855147e-001 -1.4339966582617272e-001
    1.5238551791757343e-001 -3.0115618043579162e-001
